//Points
319
(

(-1.25 0.0102755 -0.0903749)
(-1.25 0.0102108 -0.100465)
(-1.25 0.0153196 -0.10048)
(-1.25 0.0204717 -0.100511)
(-1.25 0.0205609 -0.0954886)
(-1.25 0.0205555 -0.0904183)
(-1.25 0.0205988 -0.0802353)
(-1.25 0.0103091 -0.0802102)
(-1.25 0.0256838 -0.0904738)
(-1.25 0.0308218 -0.0904689)
(-1.25 0.0309053 -0.0853817)
(-1.25 0.0308703 -0.0802712)
(-1.25 0.0205827 -0.070013)
(-1.25 0.0103088 -0.0699975)
(-1.25 0.0308776 -0.0751549)
(-1.25 0.0308179 -0.0700255)
(-1.25 0.0205388 -0.0597899)
(-1.25 0.0102824 -0.0597733)
(-1.25 0.0308267 -0.0649025)
(-1.25 0.0307765 -0.0597914)
(-1.25 0.0204541 -0.0496031)
(-1.25 0.0102398 -0.0495679)
(-1.25 0.030765 -0.0547013)
(-1.25 0.030651 -0.0496287)
(-1.25 0.0255377 -0.0495924)
(-1.25 0.0204418 -0.0445255)
(-1.25 0.0203787 -0.0394389)
(-1.25 0.015297 -0.0393677)
(-1.25 0.0102136 -0.0393836)
(-1.25 0.0150316 -0.120057)
(-1.25 0.0100236 -0.12035)
(-1.25 0.00995115 -0.124596)
(-1.25 0.0144217 -0.123609)
(-1.25 0.0211986 -0.121314)
(-1.25 0.0249383 -0.119579)
(-1.25 0.025254 -0.115341)
(-1.25 0.0202272 -0.11539)
(-1.25 0.0309653 -0.116022)
(-1.25 0.0254389 -0.110515)
(-1.25 0.0203126 -0.110449)
(-1.25 0.030635 -0.110686)
(-1.25 0.0366021 -0.111645)
(-1.25 0.035923 -0.105896)
(-1.25 0.0307212 -0.105719)
(-1.25 0.0416382 -0.106564)
(-1.25 0.0358002 -0.100677)
(-1.25 0.0307225 -0.100637)
(-1.25 0.0407306 -0.100594)
(-1.25 0.0460029 -0.100893)
(-1.25 0.0456392 -0.095299)
(-1.25 0.0407845 -0.0954663)
(-1.25 0.0494934 -0.0947433)
(-1.25 0.0462758 -0.0904523)
(-1.25 0.041064 -0.0904536)
(-1.25 0.0513289 -0.0907427)
(-1.25 0.0544537 -0.0796325)
(-1.25 0.0509671 -0.0802867)
(-1.25 0.0527483 -0.0867216)
(-1.25 0.0550353 -0.0750176)
(-1.25 0.0508311 -0.0751166)
(-1.25 0.0552448 -0.0700068)
(-1.25 0.0508548 -0.0700105)
(-1.25 0.0549868 -0.064999)
(-1.25 0.0507753 -0.0649085)
(-1.25 0.0543396 -0.0603977)
(-1.25 0.0508481 -0.0597513)
(-1.25 0.0525744 -0.0533325)
(-1.25 0.0460613 -0.0496392)
(-1.25 0.0454105 -0.0448316)
(-1.25 0.0405504 -0.0446892)
(-1.25 0.0408616 -0.049655)
(-1.25 0.0510976 -0.0493336)
(-1.25 0.0492928 -0.0453453)
(-1.25 0.0457299 -0.0393098)
(-1.25 0.0404618 -0.0396203)
(-1.25 0.0355519 -0.0395238)
(-1.25 0.035643 -0.0343721)
(-1.25 0.0304747 -0.0344929)
(-1.25 0.0305089 -0.0395227)
(-1.25 0.0413463 -0.033698)
(-1.25 0.0363024 -0.0286735)
(-1.25 0.0303591 -0.0295948)
(-1.25 0.0252838 -0.0295418)
(-1.25 0.0251266 -0.024705)
(-1.25 0.0203167 -0.024081)
(-1.25 0.020314 -0.0292672)
(-1.25 0.0306534 -0.0243434)
(-1.25 0.024606 -0.0208481)
(-1.25 0.0206198 -0.0190462)
(-1.25 0.0102107 -0.0193752)
(-1.25 0.0165982 -0.0176222)
(-1.25 0.00957194 -0.0158885)
(-1.25 0.0464723 -0.0855331)
(-1.25 0.0411802 -0.0854345)
(-1.25 0.0461194 -0.0803321)
(-1.25 0.0410694 -0.0803126)
(-1.25 0.0459993 -0.0597183)
(-1.25 0.0463001 -0.0545333)
(-1.25 0.0410174 -0.0546458)
(-1.25 0.0409549 -0.0597493)
(-1.25 0.0153228 -0.0291468)
(-1.25 0.0154161 -0.0238812)
(-1.25 0.0102495 -0.0242117)
(-1.25 0.0102309 -0.0292414)
(-1.25 0.0151303 -0.115297)
(-1.25 0.0100729 -0.115431)
(-1.25 0.0152081 -0.110411)
(-1.25 0.0101254 -0.110468)
(-1.25 0.0152736 -0.105464)
(-1.25 0.0101721 -0.105479)
(-1.25 0.0204019 -0.105501)
(-1.25 0.0255439 -0.10558)
(-1.25 0.0256003 -0.100567)
(-1.25 0.0256508 -0.0955216)
(-1.25 0.0307535 -0.0955458)
(-1.25 0.0358138 -0.0955391)
(-1.25 0.0359315 -0.0904664)
(-1.25 0.036008 -0.0853968)
(-1.25 0.035977 -0.0802895)
(-1.25 0.035927 -0.0751599)
(-1.25 0.04096 -0.0751625)
(-1.25 0.0358842 -0.0700261)
(-1.25 0.0409081 -0.0700226)
(-1.25 0.0459384 -0.0751536)
(-1.25 0.0458904 -0.0700168)
(-1.25 0.0358726 -0.0648965)
(-1.25 0.0409027 -0.0648869)
(-1.25 0.0358714 -0.0597778)
(-1.25 0.0458802 -0.0648841)
(-1.25 0.0358569 -0.0546892)
(-1.25 0.0357431 -0.0496454)
(-1.25 0.0254953 -0.0445489)
(-1.25 0.03056 -0.044577)
(-1.25 0.0254394 -0.0394989)
(-1.25 0.0355934 -0.0446102)
(-1.25 0.015296 -0.0342904)
(-1.25 0.010215 -0.0343087)
(-1.25 0.0203409 -0.0343678)
(-1.25 0.0253795 -0.0344819)
(-1.25 -0.0102681 -0.0903788)
(-1.25 -0.02055 -0.0904249)
(-1.25 -0.0205556 -0.0954965)
(-1.25 -0.020465 -0.100519)
(-1.25 -0.0153101 -0.100487)
(-1.25 -0.0101992 -0.10047)
(-1.25 4.57051e-06 -0.0903707)
(-1.25 -0.00508565 -0.100496)
(-1.25 7.14126e-06 -0.100488)
(-1.25 0.00509985 -0.100493)
(-1.25 -0.0205951 -0.0802396)
(-1.25 -0.0308683 -0.0802764)
(-1.25 -0.0309034 -0.0853883)
(-1.25 -0.0308194 -0.0904765)
(-1.25 -0.0256799 -0.0904814)
(-1.25 -0.0103042 -0.0802131)
(-1.25 3.10736e-06 -0.0802063)
(-1.25 -0.0205796 -0.0700161)
(-1.25 -0.030816 -0.0700285)
(-1.25 -0.0308759 -0.0751589)
(-1.25 -0.0103052 -0.070001)
(-1.25 1.50667e-06 -0.0699919)
(-1.25 -0.0205354 -0.0597923)
(-1.25 -0.030774 -0.0597931)
(-1.25 -0.0308248 -0.0649046)
(-1.25 -0.0102772 -0.0597732)
(-1.25 -1.14905e-06 -0.0597648)
(-1.25 -0.0204493 -0.0496059)
(-1.25 -0.0255326 -0.0495952)
(-1.25 -0.0306463 -0.0496306)
(-1.25 -0.0307617 -0.0547027)
(-1.25 -0.0102372 -0.0495702)
(-1.25 3.84307e-07 -0.0495641)
(-1.25 -0.0102119 -0.0393879)
(-1.25 -0.015294 -0.0393736)
(-1.25 -0.020374 -0.0394448)
(-1.25 -0.0204368 -0.0445299)
(-1.25 8.12921e-08 -0.0394002)
(-1.25 -0.00510868 -0.0393742)
(-1.25 0.00510921 -0.0393717)
(-1.25 -0.0150179 -0.120062)
(-1.25 -0.0211919 -0.121317)
(-1.25 -0.0144065 -0.123614)
(-1.25 -0.0099287 -0.124612)
(-1.25 -0.0100025 -0.120362)
(-1.25 -0.00500179 -0.120794)
(-1.25 -0.00500393 -0.125315)
(-1.25 1.838e-05 -0.125549)
(-1.25 1.58947e-05 -0.120967)
(-1.25 0.00503008 -0.120782)
(-1.25 0.0050354 -0.125295)
(-1.25 -0.0309614 -0.116034)
(-1.25 -0.0306294 -0.110697)
(-1.25 -0.0365921 -0.111654)
(-1.25 -0.02494 -0.119598)
(-1.25 -0.0252517 -0.115356)
(-1.25 -0.0202205 -0.115398)
(-1.25 -0.0254341 -0.110526)
(-1.25 -0.0203052 -0.110458)
(-1.25 -0.00501918 -0.115655)
(-1.25 -0.0100543 -0.115439)
(-1.25 1.29167e-05 -0.115749)
(-1.25 -0.00504468 -0.110573)
(-1.25 -0.0101095 -0.110475)
(-1.25 1.04461e-05 -0.110617)
(-1.25 0.00504285 -0.115648)
(-1.25 0.00506418 -0.110568)
(-1.25 -0.0416373 -0.106576)
(-1.25 -0.0407289 -0.100602)
(-1.25 -0.0460017 -0.1009)
(-1.25 -0.0359178 -0.105906)
(-1.25 -0.0307167 -0.10573)
(-1.25 -0.0357971 -0.100685)
(-1.25 -0.0307181 -0.100646)
(-1.25 -0.0456454 -0.0953101)
(-1.25 -0.0495098 -0.0947587)
(-1.25 -0.0407855 -0.0954756)
(-1.25 -0.0462753 -0.0904612)
(-1.25 -0.0513245 -0.0907509)
(-1.25 -0.0410635 -0.090462)
(-1.25 -0.0509658 -0.0802913)
(-1.25 -0.0544531 -0.0796358)
(-1.25 -0.0527457 -0.0867296)
(-1.25 -0.0550352 -0.0750192)
(-1.25 -0.0508306 -0.0751189)
(-1.25 -0.0508546 -0.0700116)
(-1.25 -0.0552448 -0.0700075)
(-1.25 -0.0549868 -0.0649992)
(-1.25 -0.0507752 -0.0649089)
(-1.25 -0.050848 -0.0597514)
(-1.25 -0.0543396 -0.0603978)
(-1.25 -0.0525744 -0.0533323)
(-1.25 -0.0460603 -0.0496383)
(-1.25 -0.0454086 -0.0448294)
(-1.25 -0.0492921 -0.045344)
(-1.25 -0.0510973 -0.0493331)
(-1.25 -0.040859 -0.0496545)
(-1.25 -0.040546 -0.0446877)
(-1.25 -0.0457268 -0.0393051)
(-1.25 -0.0404549 -0.0396172)
(-1.25 -0.0413373 -0.0336921)
(-1.25 -0.035542 -0.0395261)
(-1.25 -0.0356256 -0.034379)
(-1.25 -0.0304637 -0.0345006)
(-1.25 -0.0304998 -0.0395268)
(-1.25 -0.0362719 -0.0286954)
(-1.25 -0.0303488 -0.0296054)
(-1.25 -0.0306574 -0.0243479)
(-1.25 -0.0252806 -0.029549)
(-1.25 -0.0251316 -0.0247078)
(-1.25 -0.0203166 -0.0240913)
(-1.25 -0.0203119 -0.029276)
(-1.25 -0.0246167 -0.0208446)
(-1.25 -0.020619 -0.0190598)
(-1.25 -0.010211 -0.0193819)
(-1.25 -0.00957487 -0.0158893)
(-1.25 -0.0165899 -0.0176435)
(-1.25 -0.00508231 -0.0194852)
(-1.25 -0.00499444 -0.0152794)
(-1.25 -4.1998e-06 -0.0194351)
(-1.25 -5.77063e-06 -0.0150503)
(-1.25 0.00507616 -0.0194846)
(-1.25 0.00498553 -0.015282)
(-1.25 -0.0464706 -0.0855407)
(-1.25 -0.041179 -0.0854417)
(-1.25 -0.0461181 -0.0803375)
(-1.25 -0.0410682 -0.080318)
(-1.25 -0.0459987 -0.0597186)
(-1.25 -0.0462995 -0.054533)
(-1.25 -0.0409537 -0.0597499)
(-1.25 -0.0410157 -0.0546459)
(-1.25 -0.0153203 -0.0291566)
(-1.25 -0.0154121 -0.0238956)
(-1.25 -0.0102301 -0.0292483)
(-1.25 -0.010249 -0.0242197)
(-1.25 -0.0151181 -0.115304)
(-1.25 -0.0151968 -0.110418)
(-1.25 -0.0255389 -0.10559)
(-1.25 -0.0203946 -0.10551)
(-1.25 -0.0255955 -0.100576)
(-1.25 -0.0152633 -0.105472)
(-1.25 -0.0101585 -0.105484)
(-1.25 -0.00506874 -0.105525)
(-1.25 8.58453e-06 -0.105542)
(-1.25 0.00508501 -0.105522)
(-1.25 -0.0358125 -0.0955475)
(-1.25 -0.0307507 -0.0955543)
(-1.25 -0.0359302 -0.0904743)
(-1.25 -0.0256462 -0.0955301)
(-1.25 -0.0360066 -0.0854036)
(-1.25 -0.0359755 -0.0802949)
(-1.25 -0.0459376 -0.0751568)
(-1.25 -0.0409589 -0.0751662)
(-1.25 -0.0458898 -0.0700186)
(-1.25 -0.0409071 -0.070025)
(-1.25 -0.0359255 -0.0751639)
(-1.25 -0.0358828 -0.0700288)
(-1.25 -0.0458797 -0.0648851)
(-1.25 -0.0409017 -0.0648884)
(-1.25 -0.035871 -0.0648983)
(-1.25 -0.0358694 -0.059779)
(-1.25 -0.0358542 -0.05469)
(-1.25 -0.0357391 -0.0496461)
(-1.25 -0.0355873 -0.0446112)
(-1.25 -0.0305536 -0.0445798)
(-1.25 -0.0254892 -0.0445525)
(-1.25 -0.0254331 -0.0395043)
(-1.25 -0.0253734 -0.034489)
(-1.25 -0.0203371 -0.0343751)
(-1.25 -0.0152933 -0.0342977)
(-1.25 -0.0102138 -0.0343141)
(-1.25 -0.00511015 -0.0343441)
(-1.25 -3.67946e-07 -0.034359)
(-1.25 -0.00511313 -0.0293315)
(-1.25 -1.15806e-06 -0.0293545)
(-1.25 0.00510999 -0.0343412)
(-1.25 0.0051117 -0.0293284)
(-1.25 -0.00510953 -0.0243695)
(-1.25 -2.41386e-06 -0.0243883)
(-1.25 0.00510617 -0.0243668)
)

// ************************************************************************ //