//Points
319
(

0.0139954
0.0235203
0.0272143
0.0303911
0.0260307
0.0209003
0.0145242
0.00806561
0.0263038
0.0312562
0.0282163
0.0245706
0.0123296
0.00643943
0.0235758
0.0223456
0.014939
0.00855782
0.0238266
0.0249778
0.0216818
0.015155
0.0286437
0.0315585
0.0268893
0.0269415
0.031503
0.0286069
0.0251112
0.0495285
0.0487192
0.0452091
0.0454218
0.0455772
0.0458893
0.0472069
0.0481078
0.0456008
0.0454757
0.0416601
0.0472636
0.0448054
0.0465703
0.0440866
0.0450849
0.0446794
0.0391914
0.04796
0.0455906
0.0477942
0.0475716
0.0450318
0.0472444
0.0448465
0.045373
0.0445445
0.0508995
0.0451866
0.0445613
0.049362
0.0442508
0.0486519
0.0443136
0.0491128
0.0441133
0.0503067
0.0445835
0.0466712
0.047205
0.0463446
0.0443121
0.0449527
0.0452286
0.0457971
0.0467442
0.0437482
0.0454617
0.0436419
0.0391528
0.0448238
0.0447275
0.0465574
0.0457766
0.0468122
0.0460959
0.0434257
0.045583
0.0451345
0.0449197
0.0493851
0.0445206
0.0442506
0.0494697
0.040933
0.0496697
0.0377286
0.0493008
0.0488514
0.0409017
0.0378614
0.0398968
0.0477151
0.0475296
0.0368525
0.0476397
0.0460109
0.0380354
0.0358653
0.0318421
0.0291641
0.0354185
0.0395633
0.0345933
0.0300894
0.0352043
0.0411189
0.0371386
0.033354
0.0304861
0.028885
0.0360397
0.0283714
0.0355193
0.0472513
0.0464043
0.0290975
0.0361349
0.0308296
0.0471376
0.0336238
0.037087
0.0306996
0.035338
0.0352727
0.0406101
0.0332567
0.0305736
0.0367071
0.0403077
0.0140239
0.0209291
0.0260631
0.0304398
0.0272866
0.0235816
0.0114321
0.0223259
0.0209476
0.0222899
0.0145318
0.0245735
0.0282279
0.0312691
0.0263207
0.00807196
0.00611466
0.0122868
0.0222906
0.0235583
0.00641986
0.00485672
0.0148434
0.0248624
0.0237315
0.00851614
0.00666092
0.021604
0.0268082
0.031507
0.0285449
0.0151232
0.012786
0.0251222
0.028616
0.0314993
0.0269006
0.0228399
0.0241402
0.0241292
0.0494887
0.0455294
0.0454101
0.0451432
0.048749
0.0488254
0.0423786
0.0401468
0.0489438
0.0487758
0.0425192
0.045591
0.0472977
0.0448563
0.0458153
0.0472104
0.04807
0.0455376
0.0417262
0.0476294
0.0461275
0.0492337
0.035289
0.0359629
0.0352592
0.0474493
0.0352084
0.0451544
0.047976
0.0456329
0.0465649
0.044097
0.0446751
0.0392073
0.047806
0.0450321
0.047598
0.0472189
0.0453193
0.0448524
0.0507781
0.0445414
0.0451272
0.0446139
0.0493197
0.0486616
0.0442921
0.0443224
0.0491724
0.0504092
0.0441547
0.0445974
0.0467649
0.0473294
0.0452103
0.044925
0.0444669
0.0465398
0.0458012
0.046847
0.0448269
0.0438021
0.0454943
0.0436722
0.0391704
0.0447395
0.0465774
0.0455532
0.0457758
0.0467845
0.0460933
0.0434216
0.0451102
0.0449368
0.049364
0.0442638
0.0445448
0.0480218
0.0445695
0.0474569
0.0444519
0.0480354
0.0445664
0.04934
0.0409179
0.0495199
0.0376916
0.0494079
0.0489643
0.0378616
0.0409687
0.0399082
0.0476987
0.0368706
0.0475055
0.0476396
0.0381156
0.0395978
0.0354815
0.034619
0.031926
0.0292443
0.027678
0.0270935
0.0276302
0.0411429
0.03522
0.0371513
0.0301084
0.0333594
0.0304799
0.0471505
0.0359943
0.046376
0.0354781
0.0288589
0.028319
0.0471986
0.0361097
0.0290212
0.0307494
0.033584
0.0371141
0.0406777
0.0353319
0.0306612
0.0352706
0.0403217
0.0367221
0.0332809
0.0306001
0.029068
0.0285022
0.0352817
0.0347617
0.0290509
0.035268
0.0451875
0.0444062
0.0451979
)

// ************************************************************************ //