//Points
319
(

0.000332913
0.000395269
0.000408621
0.000403687
0.000409556
0.000392929
0.000344247
0.000308044
0.000412761
0.000407189
0.000418563
0.000413803
0.000335967
0.000311402
0.000416396
0.000414288
0.000345446
0.000317926
0.00041322
0.000409359
0.000394548
0.00034862
0.000413682
0.000403442
0.000410125
0.000410113
0.000402521
0.000412991
0.000409738
0.000116493
0.000137695
1.15594e-05
8.81987e-06
1.07275e-05
1.09854e-05
0.000117035
0.000204364
7.61831e-06
0.000283002
0.00033722
0.000176427
8.53236e-06
0.000181975
0.000307603
8.50474e-06
0.000304142
0.000379937
0.000172365
7.17462e-06
0.000110544
0.00027166
9.21997e-06
0.000139857
0.000315344
1.39456e-05
8.85601e-06
0.000116843
1.18765e-05
1.14805e-05
0.000134502
1.20468e-05
0.000136385
1.1446e-05
0.000133301
8.80158e-06
0.000115428
1.17551e-05
0.000138582
0.000110148
0.00026981
0.000312444
1.38741e-05
9.25839e-06
7.17237e-06
0.000169885
0.000298902
0.000178823
0.000298656
0.000373165
8.43972e-06
8.435e-06
0.000169394
0.000267708
0.000108853
0.000137079
0.000309506
7.15552e-06
9.22978e-06
1.38543e-05
0.000113006
1.17388e-05
8.81673e-06
0.000215297
0.000354258
0.000292919
0.000385064
0.000288989
0.000212224
0.000349065
0.000379794
0.000345784
0.000208955
0.000284473
0.000376225
0.00028693
0.000308212
0.000374212
0.000384552
0.000412278
0.000412052
0.000398522
0.000371808
0.000408649
0.000416784
0.000407133
0.00036338
0.000394498
0.000414671
0.000425373
0.000428424
0.000396247
0.000432244
0.00039759
0.00030998
0.000312091
0.00042473
0.000392958
0.000419525
0.000307299
0.000409081
0.000390816
0.000413289
0.000402509
0.000401452
0.000359925
0.000406957
0.000417842
0.000388584
0.00035832
0.000332971
0.000393611
0.000410456
0.000404449
0.00040951
0.000395808
0.000318072
0.000388144
0.000387146
0.000388051
0.000343859
0.000413623
0.000418836
0.000407834
0.000413631
0.000307453
0.000302727
0.000334728
0.000413448
0.000415839
0.00031025
0.000313908
0.000343919
0.000408008
0.000412118
0.00031691
0.00031847
0.00039326
0.000408544
0.000402
0.000411966
0.000347912
0.000342156
0.000409581
0.000412695
0.000401925
0.000408961
0.000413185
0.00041356
0.000413645
0.000116521
1.07321e-05
8.81705e-06
1.15569e-05
0.000137764
0.000135954
1.21567e-05
1.21037e-05
0.000129321
0.000136068
1.21637e-05
7.61957e-06
0.000176764
8.53653e-06
1.09884e-05
0.000117137
0.000204487
0.000283437
0.000337642
0.00030505
0.0003085
0.000296008
0.000380065
0.000385144
0.000374993
0.000305066
0.000379858
8.51214e-06
0.000172519
7.18324e-06
0.000182094
0.000308057
0.000304328
0.000380547
0.000110773
9.24165e-06
0.000272078
0.000139859
1.39491e-05
0.000315456
0.000116592
8.85704e-06
1.18646e-05
1.14882e-05
0.000134514
0.000136517
1.20528e-05
1.14474e-05
0.000133442
0.000115735
8.80583e-06
1.17565e-05
0.000138571
0.000110459
9.25753e-06
1.38721e-05
0.000312279
0.000270175
7.1751e-06
0.000170129
8.43991e-06
0.00029869
0.000178603
0.000298372
0.000372745
8.43272e-06
0.000169253
7.15822e-06
0.000267829
0.000108875
0.000137325
0.000309944
9.24614e-06
1.38644e-05
0.000113058
8.82547e-06
1.17351e-05
0.000131401
1.14764e-05
0.000134156
1.20596e-05
0.000131336
1.1468e-05
0.000214876
0.000353888
0.000292497
0.000384813
0.000289317
0.000212324
0.000379482
0.00034868
0.000346204
0.000209158
0.000376549
0.00028464
0.000287083
0.000374767
0.00037248
0.000399256
0.00040947
0.00041319
0.000412778
0.000403305
0.000404351
0.000403089
0.000363945
0.000407988
0.000394966
0.000417745
0.000414695
0.000425173
0.00031009
0.000396326
0.000312326
0.000397561
0.000428116
0.000431686
0.000307446
0.000392675
0.000423897
0.000418581
0.000407964
0.000390044
0.000359701
0.000401722
0.000412155
0.000400969
0.000358339
0.000388686
0.000407161
0.000418091
0.000422865
0.000428293
0.000389184
0.000392126
0.000422746
0.000388981
0.000303316
0.000307017
0.000303168
)

// ************************************************************************ //