//Points
319
(

38.8212
56.5583
63.5835
71.0122
59.9306
50.2142
38.9717
25.6594
60.313
73.0811
65.0147
56.9161
34.6098
20.7251
54.7157
52.6126
39.9285
26.3112
55.6957
58.4643
51.9266
40.1437
66.7606
74.5132
62.1319
62.327
74.719
66.9513
58.8306
483.642
333.887
466.092
671.513
599.794
569.1
429.204
234.918
732.544
168.322
125.429
328.962
632.281
316.355
152.364
638.465
155.093
105.134
337.582
790.65
490.565
183.181
657.612
290.527
143.222
391.362
653.55
476.231
559.723
462.288
333.987
435.045
316.274
461.215
333.922
651.471
475.082
557.912
288.373
487.857
178.691
142.233
389.394
658.511
793.848
334.454
154.414
315.607
154.309
106.88
639.794
638.789
334.103
178.734
487.856
288.125
141.327
792.289
658.882
389.88
473.398
557.979
652.202
220.167
116.594
174.167
99.7575
175.016
220.064
118.121
101.468
116.462
218.404
171.763
99.6857
171.816
151.136
103.405
94.353
76.3684
69.845
88.2469
108.574
83.1297
69.0596
85.0664
115.098
94.2798
80.1738
71.2372
66.9168
92.151
65.7861
90.4386
152.851
148.806
67.9632
93.1623
72.9996
153.78
81.8906
94.8971
71.3066
86.3869
86.4827
114.498
81.5077
72.7979
94.5737
114.207
38.8384
50.1517
59.8249
70.935
63.5654
56.5653
34.1051
55.0251
52.7771
55.0037
38.9915
56.91
64.9691
72.9531
60.1823
25.7114
20.3229
34.6308
52.6037
54.7221
20.7478
15.47
39.9129
58.4231
55.6591
26.3014
20.9004
51.9302
62.1513
74.5862
66.768
40.1521
35.1827
58.8484
66.9653
74.741
62.3538
53.8388
56.4338
56.4206
483.635
599.261
671.563
465.555
333.77
310.071
412.543
392.732
305.379
310.26
413.671
732.191
329.027
632.683
568.168
428.776
234.644
168.36
125.489
155.915
151.347
163.255
93.956
94.4717
95.1968
155.41
93.7842
638.872
337.41
790.253
316.382
152.272
154.981
105.026
489.67
656.309
182.825
290.03
390.606
143.148
475.911
653.427
559.485
462.504
333.765
316.172
435.222
461.249
333.969
475.23
651.76
558.056
288.605
488.013
658.319
389.209
142.728
179.062
793.659
334.547
639.812
154.719
316.027
154.593
107.056
639.135
334.411
791.231
178.755
487.015
287.748
141.15
657.459
389.553
473.158
651.817
558.186
331.751
462.533
314.408
436.532
331.968
462.874
220.048
116.707
173.86
99.7328
175.063
220.218
101.541
118.414
116.364
218.326
99.6493
171.65
171.826
103.484
108.51
88.2282
83.0083
76.3882
69.8865
67.6316
67.0828
67.58
114.97
84.9121
94.1922
68.9118
80.1809
71.2405
152.394
92.0078
148.53
90.3294
66.884
65.744
153.818
93.1558
67.9241
72.9804
81.9798
95.1067
114.756
86.5052
71.3537
86.5462
114.238
94.5427
81.4908
72.7994
68.2889
66.7184
91.7832
89.6799
68.2839
91.7953
149.611
145.139
149.68
)

// ************************************************************************ //