//Points
319
(

(3.14895 6.77099e-05 8.84569e-05)
(3.01418 0.000361371 -7.54453e-05)
(2.96139 0.000334276 -7.55541e-05)
(2.91296 0.000231809 -8.23796e-05)
(2.98502 3.96003e-05 2.27038e-05)
(3.05798 -2.52103e-05 0.00017987)
(3.14287 1.17268e-05 0.000252706)
(3.22379 -1.78015e-05 0.000218918)
(2.98228 -5.27944e-05 0.000230258)
(2.90543 -1.86856e-05 0.000314841)
(2.95149 9.91072e-05 0.000236381)
(3.00329 0.000173364 0.000157208)
(3.16962 -1.37105e-05 0.000259545)
(3.24355 -2.8625e-05 0.000225314)
(3.01694 0.000198766 0.000160205)
(3.03397 3.90208e-05 0.000249807)
(3.13771 -0.000121536 0.000345341)
(3.21813 -8.79711e-05 0.000304611)
(3.01316 -0.000131044 0.000298016)
(2.99672 -0.000133684 0.000341764)
(3.04654 -0.000243511 0.000318726)
(3.13525 -0.000171835 0.000334575)
(2.94264 -7.28809e-05 0.000393303)
(2.89513 -8.23804e-05 0.000380021)
(2.97112 -0.000190941 0.000314411)
(2.96982 -0.000350644 0.00025242)
(2.89241 -0.000385418 0.000203094)
(2.93892 -0.00034552 0.000346187)
(2.99184 -0.000216319 0.000435508)
(2.27721 -0.00104813 -0.000866005)
(2.3711 -0.00137424 -0.000966226)
(0 0 0)
(0 0 0)
(0 0 0)
(0 0 0)
(2.29713 -0.00014956 -0.000405498)
(2.48369 -0.000217613 -0.000616054)
(0 0 0)
(2.57791 9.00665e-05 -0.000308729)
(2.69535 0.000187255 -0.000367181)
(2.37364 0.000114912 -0.000147857)
(0 0 0)
(2.38243 0.000284124 5.73916e-05)
(2.61165 0.000239782 -0.000102275)
(0 0 0)
(2.60286 0.000118197 0.000140172)
(2.74064 0.000109313 7.80014e-06)
(2.358 8.29241e-05 0.000182954)
(0 0 0)
(2.24588 -8.21083e-05 -0.000320647)
(2.54304 4.18676e-05 0.000419353)
(0 0 0)
(2.39175 0.000832671 -0.000328532)
(2.66391 0.000538479 0.000387813)
(0 0 0)
(0 0 0)
(2.27048 0.000573679 0.000772484)
(0 0 0)
(0 0 0)
(2.36428 0.00036095 0.000637862)
(0 0 0)
(2.37531 0.000305662 0.000451775)
(0 0 0)
(2.35729 0.000166642 0.000381838)
(0 0 0)
(2.25892 4.04038e-05 0.000157937)
(0 0 0)
(2.38278 0.000189572 0.000172235)
(2.24963 0.000113467 0.000137109)
(2.53716 5.60404e-05 0.000368872)
(2.65408 6.42506e-05 0.000378804)
(0 0 0)
(0 0 0)
(0 0 0)
(2.3546 3.16773e-06 0.000307289)
(2.59185 -0.000130427 0.000307685)
(2.37152 -9.85905e-05 0.000177471)
(2.5911 -0.000227835 9.11954e-05)
(2.72501 -0.000252091 0.000183242)
(0 0 0)
(0 0 0)
(2.35311 -4.42171e-05 -5.86901e-05)
(2.53648 -0.000127064 -1.15118e-05)
(2.24888 0.000218804 -7.81958e-05)
(2.38565 0.000241172 0.00013566)
(2.65282 -0.000101518 0.000171127)
(0 0 0)
(0 0 0)
(0 0 0)
(2.26673 9.64608e-05 0.000153763)
(0 0 0)
(0 0 0)
(2.52155 0.00123693 -6.72615e-06)
(2.74369 0.000784408 9.72158e-05)
(2.63681 0.00075358 8.35435e-06)
(2.79778 0.000585713 -4.42299e-05)
(2.62458 -4.08102e-05 0.000271187)
(2.50598 6.38545e-05 0.000229504)
(2.73158 -4.72094e-05 0.000342174)
(2.78792 -0.000125392 0.000276666)
(2.73014 -5.5519e-05 0.000338865)
(2.51074 0.000178197 0.000284583)
(2.62698 0.000110468 0.000311226)
(2.78474 -2.06128e-05 0.000402334)
(2.61076 -1.88967e-05 -0.000694202)
(2.66444 0.000131986 -0.000587132)
(2.76837 0.000305067 -0.000395346)
(2.81382 0.00044145 -0.000304578)
(2.88112 0.000376595 -0.000189362)
(2.92462 0.000460953 -0.000125886)
(2.81813 0.000301271 -0.000213147)
(2.73191 0.000242917 -0.000205338)
(2.83773 0.000156987 -6.05856e-05)
(2.92187 -1.38731e-05 0.000105988)
(2.83296 -5.31284e-05 0.000205166)
(2.71785 -1.89469e-05 0.000349227)
(2.80379 0.000193309 0.000395653)
(2.86779 0.000361159 0.000206629)
(2.9122 0.00034609 7.39507e-05)
(2.93769 0.000256193 0.000115286)
(2.82765 0.000355007 4.70848e-05)
(2.94489 6.80854e-05 0.000203499)
(2.83558 0.000145425 0.000158423)
(2.67809 0.000405064 0.000132317)
(2.68701 0.000230819 0.000220345)
(2.93325 -0.000108007 0.000249594)
(2.8224 -4.42734e-05 0.000217588)
(2.90412 -0.000149605 0.000305668)
(2.67206 6.03811e-05 0.000253281)
(2.85768 -6.66219e-05 0.00038489)
(2.79351 3.40122e-06 0.000427787)
(2.90779 -0.000281181 0.000226959)
(2.82056 -0.00016352 0.000288001)
(2.81905 -0.000350874 0.000126861)
(2.70802 -3.53057e-05 0.000383229)
(2.85393 -0.000245233 0.000346672)
(2.89891 -0.000149263 0.000440728)
(2.79047 -0.000310069 0.000185001)
(2.7059 -0.000312701 6.55685e-05)
(3.14866 4.87414e-05 0.000138479)
(3.05762 0.000107048 0.000224503)
(2.98461 4.52593e-05 7.35091e-05)
(2.9124 -0.000113287 -2.60009e-05)
(2.96068 -0.000183781 -5.22549e-06)
(3.01361 -0.000197983 -1.73456e-05)
(3.17977 6.75271e-05 4.0237e-05)
(3.02974 -0.000154408 7.03735e-05)
(3.04872 8.79451e-05 8.41663e-05)
(3.03007 0.000331562 3.12967e-05)
(3.14276 5.50277e-05 0.000305619)
(3.00309 -8.35079e-05 0.000167386)
(2.95121 -1.17499e-05 0.000226784)
(2.90526 8.79714e-05 0.000284266)
(2.98202 0.000118192 0.000247389)
(3.22372 8.18679e-05 0.000263528)
(3.24726 3.86935e-05 0.000190178)
(3.17003 4.67015e-05 0.000340548)
(3.03443 8.15365e-06 0.00026108)
(3.01696 -0.000114361 0.000167276)
(3.24375 5.30114e-05 0.000278098)
(3.26291 1.55677e-05 0.000221609)
(3.13872 8.13273e-05 0.000414525)
(2.99811 2.71246e-05 0.000326704)
(3.01414 0.000112311 0.000294402)
(3.21857 6.97796e-05 0.000348835)
(3.24115 -4.46162e-06 0.000294645)
(3.04754 0.000183263 0.000344182)
(2.97232 0.000102449 0.000328123)
(2.89641 -5.10372e-05 0.000366386)
(2.9442 -9.3959e-05 0.000353557)
(3.13567 0.000155292 0.000350813)
(3.16471 -2.87291e-06 0.000343152)
(2.99192 0.000277804 0.00044096)
(2.93906 0.000408025 0.000359574)
(2.89271 0.00042242 0.000208955)
(2.97054 0.000324684 0.00025584)
(3.0254 3.00331e-05 0.000459045)
(3.00636 0.000139135 0.000464882)
(3.00637 -7.135e-05 0.000467022)
(2.27647 0.000964153 -0.000808137)
(0 0 0)
(0 0 0)
(0 0 0)
(2.3691 0.00128841 -0.000950999)
(2.33835 0.00112364 -0.000226211)
(0 0 0)
(0 0 0)
(2.29721 -0.000163581 0.000359067)
(2.34158 -0.00132157 -0.000228649)
(0 0 0)
(0 0 0)
(2.37371 3.48515e-05 -0.000248679)
(0 0 0)
(0 0 0)
(2.29587 0.000256538 -0.000427847)
(2.48221 0.000271004 -0.000546717)
(2.57742 2.60193e-05 -0.000320385)
(2.69437 -7.19197e-05 -0.000299266)
(2.67637 -0.000153155 1.51934e-05)
(2.66312 -0.000110547 -0.000545188)
(2.67619 -2.09783e-05 0.000375985)
(2.83612 -0.0002746 0.000107876)
(2.81289 -0.000321195 -0.000248583)
(2.8434 5.7471e-05 0.000332428)
(2.67749 0.000134861 -8.60772e-06)
(2.8367 0.000389552 7.40616e-05)
(0 0 0)
(2.35853 2.67064e-05 5.00263e-05)
(0 0 0)
(2.38321 -0.000127386 -7.39926e-05)
(2.61158 -0.0001027 -0.000175455)
(2.60291 -1.47913e-05 2.8861e-05)
(2.74062 -1.23355e-05 -4.3232e-05)
(2.24592 0.000140856 -0.000466472)
(0 0 0)
(2.54289 3.44038e-05 0.000263098)
(2.39123 -0.0006634 -0.000467682)
(0 0 0)
(2.66362 -0.00040944 0.000250466)
(2.27072 -0.000523909 0.000450001)
(0 0 0)
(0 0 0)
(0 0 0)
(2.36533 -0.000382168 0.000346155)
(2.3762 -0.000354996 0.000253871)
(0 0 0)
(0 0 0)
(2.35752 -0.000218393 0.000181035)
(2.25943 -0.000172594 2.98452e-05)
(0 0 0)
(0 0 0)
(2.3819 -0.000196839 0.000208203)
(2.24903 -0.00012149 0.000149462)
(0 0 0)
(0 0 0)
(2.65455 -0.000169106 0.000346336)
(2.53729 -0.000104705 0.000419408)
(0 0 0)
(2.35438 4.38213e-05 0.000417489)
(0 0 0)
(2.59228 0.000141348 0.000354554)
(2.3717 0.000168272 0.000259441)
(2.59122 0.000282125 0.000118502)
(2.72549 0.000250033 0.000191389)
(0 0 0)
(2.35319 0.000112624 -2.33084e-05)
(0 0 0)
(2.53662 0.000214928 -1.36956e-06)
(2.24864 -0.000168493 -8.34105e-05)
(2.38617 -0.000156524 0.00013462)
(2.65279 0.00020472 0.000188469)
(0 0 0)
(0 0 0)
(2.26717 -9.59295e-05 0.000149749)
(0 0 0)
(0 0 0)
(2.36557 -1.33369e-05 0.000148037)
(0 0 0)
(2.3809 1.06791e-05 0.000129725)
(0 0 0)
(2.36546 2.80889e-05 0.000154433)
(0 0 0)
(2.52052 -0.00105617 -0.000200744)
(2.74316 -0.000650012 1.69861e-05)
(2.63635 -0.000680641 -0.000144317)
(2.79744 -0.000500244 -0.000115506)
(2.62523 -0.000150788 0.000115666)
(2.50596 -0.0001848 0.000204087)
(2.789 -5.56008e-05 0.000117176)
(2.7325 -0.000126469 0.000214331)
(2.73003 0.000161113 0.000359597)
(2.51108 -0.000102547 0.000292829)
(2.78459 0.000123423 0.000419307)
(2.62691 -4.47493e-05 0.000321404)
(2.6094 6.61364e-05 -0.000618438)
(2.76731 -0.000179895 -0.000313607)
(2.7315 -0.000119136 -0.000201582)
(2.81738 -0.000166539 -0.000148569)
(2.83744 -5.81128e-05 -4.84641e-05)
(2.88026 -0.000222139 -0.000113059)
(2.92389 -0.000296249 -6.70693e-05)
(2.9496 -0.000213768 0.000125063)
(2.95862 8.62438e-05 0.000242899)
(2.95001 0.000383807 8.78506e-05)
(2.71787 8.68699e-05 0.000246408)
(2.83291 0.000115781 0.000163518)
(2.80363 -0.00010031 0.000314987)
(2.92162 8.27073e-05 0.000122169)
(2.86747 -0.000254701 0.000168592)
(2.91194 -0.000251451 4.62844e-05)
(2.6783 -0.000404768 -4.34543e-05)
(2.82768 -0.000312054 -5.47516e-05)
(2.68746 -0.000279866 1.1845e-05)
(2.836 -0.000153786 1.43359e-05)
(2.9377 -0.000180143 7.42659e-05)
(2.94533 -3.74525e-05 0.000138292)
(2.67259 -0.00016228 5.17465e-05)
(2.8232 -3.68809e-05 5.77158e-05)
(2.9342 6.29626e-05 0.000169511)
(2.90547 7.52857e-07 0.000210086)
(2.85908 -0.000114415 0.000293415)
(2.79461 -0.000144406 0.000387456)
(2.70872 -4.45094e-05 0.000390644)
(2.82144 8.43268e-05 0.000284313)
(2.90864 0.000231185 0.000228513)
(2.81949 0.000366164 0.000128379)
(2.70605 0.000383013 7.53653e-05)
(2.7905 0.000395306 0.000199294)
(2.85388 0.000340088 0.000364257)
(2.89882 0.000246227 0.000452785)
(2.92562 0.000140272 0.000455325)
(2.9348 4.45198e-05 0.000438611)
(2.81597 8.4299e-05 0.000396876)
(2.8262 4.76428e-05 0.000366119)
(2.92569 -4.75709e-05 0.000452001)
(2.81609 1.41628e-05 0.00038832)
(2.67035 -1.36049e-06 0.000288823)
(2.68193 3.23315e-05 0.000256381)
(2.67047 6.72163e-05 0.000283094)
)

// ************************************************************************ //